        -0.8  2.98023e-08         -0.6            0            1           -0            0            0            1           -0            0     0.197863      2.41421            0            0            0
   -0.374817     0.780869     0.499756            0            0            1            0           -0            0            1            0   0.00675385            0      2.41421            0            0
    0.468521     0.624695    -0.624695            0           -0           -0            1           -5           -0           -0            1      -4.9967            0            0           -2         -7.5
           0            0            0            1            0            0            0            1            0            0            0            1            0            0           -1            0
        -0.6            0         -0.8            0            1           -0            0            0            1           -0            0    -0.409717      2.41421            0            0            0
   -0.499756     0.780869     0.374817            0            0            1            0           -0            0            1            0    -0.172244            0      2.41421            0            0
    0.624695     0.624695    -0.468521            0           -0           -0            1           -5           -0           -0            1     -5.15825            0            0           -2         -7.5
           0            0            0            1            0            0            0            1            0            0            0            1            0            0           -1            0
         0.8 -2.98023e-08         -0.6            0            1           -0            0            0            1           -0            0     0.175756      2.41421            0            0            0
   -0.374817     0.780869    -0.499756            0            0            1            0           -0            0            1            0   -0.0851004            0      2.41421            0            0
    0.468521     0.624695     0.624695            0           -0           -0            1           -5           -0           -0            1     -4.80911            0            0           -2         -7.5
           0            0            0            1            0            0            0            1            0            0            0            1            0            0           -1            0
         0.6            0         -0.8            0            1           -0            0            0            1           -0            0     0.123918      2.41421            0            0            0
   -0.499756     0.780869    -0.374817            0            0            1            0           -0            0            1            0   0.00976273            0      2.41421            0            0
    0.624695     0.624695     0.468521            0           -0           -0            1           -5           -0           -0            1      -4.9921            0            0           -2         -7.5
           0            0            0            1            0            0            0            1            0            0            0            1            0            0           -1            0
        -0.8 -2.98023e-08          0.6            0            1           -0            0            0            1           -0            0     0.112346      2.41421            0            0            0
    0.374817     0.780869     0.499756            0            0            1            0           -0            0            1            0  -0.00520762            0      2.41421            0            0
   -0.468521     0.624695    -0.624695            0           -0           -0            1           -5           -0           -0            1      -5.0582            0            0           -2         -7.5
           0            0            0            1            0            0            0            1            0            0            0            1            0            0           -1            0
        -0.6            0          0.8            0            1           -0            0            0            1           -0            0      0.14219      2.41421            0            0            0
    0.499756     0.780869     0.374817            0            0            1            0           -0            0            1            0     0.116462            0      2.41421            0            0
   -0.624695     0.624695    -0.468521            0           -0           -0            1           -5           -0           -0            1     -5.09638            0            0           -2         -7.5
           0            0            0            1            0            0            0            1            0            0            0            1            0            0           -1            0
         0.8  2.98023e-08          0.6            0            1           -0            0            0            1           -0            0     0.078859      2.41421            0            0            0
    0.374817     0.780869    -0.499756            0            0            1            0           -0            0            1            0    -0.088549            0      2.41421            0            0
   -0.468521     0.624695     0.624695            0           -0           -0            1           -5           -0           -0            1     -5.18722            0            0           -2         -7.5
           0            0            0            1            0            0            0            1            0            0            0            1            0            0           -1            0
         0.6            0          0.8            0            1           -0            0            0            1           -0            0     -0.11632      2.41421            0            0            0
    0.499756     0.780869    -0.374817            0            0            1            0           -0            0            1            0     0.255485            0      2.41421            0            0
   -0.624695     0.624695     0.468521            0           -0           -0            1           -5           -0           -0            1     -5.06434            0            0           -2         -7.5
           0            0            0            1            0            0            0            1            0            0            0            1            0            0           -1            0
 5.96046e-08            0           -1            0            1           -0            0            0            1           -0            0    0.0956023      2.41421            0            0            0
           0            1            0            0            0            1            0           -0            0            1            0     0.270833            0      2.41421            0            0
           1            0  5.96046e-08            0           -0           -0            1           -5           -0           -0            1     -5.01407            0            0           -2         -7.5
           0            0            0            1            0            0            0            1            0            0            0            1            0            0           -1            0
 5.96046e-08            0            1            0            1           -0            0            0            1           -0            0     0.186268      2.41421            0            0            0
           0            1            0            0            0            1            0           -0            0            1            0    -0.349742            0      2.41421            0            0
          -1            0  5.96046e-08            0           -0           -0            1           -5           -0           -0            1     -5.05636            0            0           -2         -7.5
           0            0            0            1            0            0            0            1            0            0            0            1            0            0           -1            0
           1            0            0            0            1           -0            0            0            1           -0            0      -0.2355      2.41421            0            0            0
           0            1            0            0            0            1            0           -0            0            1            0     0.122271            0      2.41421            0            0
           0            0            1            0           -0           -0            1           -5           -0           -0            1     -5.72605            0            0           -2         -7.5
           0            0            0            1            0            0            0            1            0            0            0            1            0            0           -1            0
          -1            0            0            0            1           -0            0            0            1           -0            0   -0.0647858      2.41421            0            0            0
           0            1            0            0            0            1            0           -0            0            1            0    0.0649819            0      2.41421            0            0
           0            0           -1            0           -0           -0            1           -5           -0           -0            1     -5.66177            0            0           -2         -7.5
           0            0            0            1            0            0            0            1            0            0            0            1            0            0           -1            0
          -1            0            0            0            1           -0            0            0            1           -0            0   -0.0563547      2.41421            0            0            0
           0  5.96046e-08            1            0            0            1            0           -0            0            1            0    0.0605434            0      2.41421            0            0
           0            1  5.96046e-08            0           -0           -0            1           -5           -0           -0            1     -5.14207            0            0           -2         -7.5
           0            0            0            1            0            0            0            1            0            0            0            1            0            0           -1            0