        -0.8  2.98023e-08         -0.6            0            1           -0            0            0            1           -0            0     0.321647      2.41421            0            0            0
   -0.374817     0.780869     0.499756            0            0            1            0           -0            0            1            0    0.0160672            0      2.41421            0            0
    0.468521     0.624695    -0.624695            0           -0           -0            1           -5           -0           -0            1     -4.90178            0            0           -2         -7.5
           0            0            0            1            0            0            0            1            0            0            0            1            0            0           -1            0
        -0.6            0         -0.8            0            1           -0            0            0            1           -0            0     0.205398      2.41421            0            0            0
   -0.499756     0.780869     0.374817            0            0            1            0           -0            0            1            0     0.456855            0      2.41421            0            0
    0.624695     0.624695    -0.468521            0           -0           -0            1           -5           -0           -0            1     -4.89629            0            0           -2         -7.5
           0            0            0            1            0            0            0            1            0            0            0            1            0            0           -1            0
         0.8 -2.98023e-08         -0.6            0            1           -0            0            0            1           -0            0     0.407918      2.41421            0            0            0
   -0.374817     0.780869    -0.499756            0            0            1            0           -0            0            1            0    -0.392274            0      2.41421            0            0
    0.468521     0.624695     0.624695            0           -0           -0            1           -5           -0           -0            1     -5.10086            0            0           -2         -7.5
           0            0            0            1            0            0            0            1            0            0            0            1            0            0           -1            0
         0.6            0         -0.8            0            1           -0            0            0            1           -0            0     0.229353      2.41421            0            0            0
   -0.499756     0.780869    -0.374817            0            0            1            0           -0            0            1            0     0.109455            0      2.41421            0            0
    0.624695     0.624695     0.468521            0           -0           -0            1           -5           -0           -0            1     -5.31968            0            0           -2         -7.5
           0            0            0            1            0            0            0            1            0            0            0            1            0            0           -1            0
        -0.8 -2.98023e-08          0.6            0            1           -0            0            0            1           -0            0    -0.187911      2.41421            0            0            0
    0.374817     0.780869     0.499756            0            0            1            0           -0            0            1            0    -0.420459            0      2.41421            0            0
   -0.468521     0.624695    -0.624695            0           -0           -0            1           -5           -0           -0            1     -5.39078            0            0           -2         -7.5
           0            0            0            1            0            0            0            1            0            0            0            1            0            0           -1            0
        -0.6            0          0.8            0            1           -0            0            0            1           -0            0     0.181383      2.41421            0            0            0
    0.499756     0.780869     0.374817            0            0            1            0           -0            0            1            0    -0.435299            0      2.41421            0            0
   -0.624695     0.624695    -0.468521            0           -0           -0            1           -5           -0           -0            1     -4.88591            0            0           -2         -7.5
           0            0            0            1            0            0            0            1            0            0            0            1            0            0           -1            0
         0.8  2.98023e-08          0.6            0            1           -0            0            0            1           -0            0      0.24267      2.41421            0            0            0
    0.374817     0.780869    -0.499756            0            0            1            0           -0            0            1            0     0.334527            0      2.41421            0            0
   -0.468521     0.624695     0.624695            0           -0           -0            1           -5           -0           -0            1     -4.72868            0            0           -2         -7.5
           0            0            0            1            0            0            0            1            0            0            0            1            0            0           -1            0
         0.6            0          0.8            0            1           -0            0            0            1           -0            0      -0.3212      2.41421            0            0            0
    0.499756     0.780869    -0.374817            0            0            1            0           -0            0            1            0    -0.096358            0      2.41421            0            0
   -0.624695     0.624695     0.468521            0           -0           -0            1           -5           -0           -0            1     -5.20151            0            0           -2         -7.5
           0            0            0            1            0            0            0            1            0            0            0            1            0            0           -1            0
 5.96046e-08            0           -1            0            1           -0            0            0            1           -0            0     0.291246      2.41421            0            0            0
           0            1            0            0            0            1            0           -0            0            1            0     0.195731            0      2.41421            0            0
           1            0  5.96046e-08            0           -0           -0            1           -5           -0           -0            1      -5.0365            0            0           -2         -7.5
           0            0            0            1            0            0            0            1            0            0            0            1            0            0           -1            0
 5.96046e-08            0            1            0            1           -0            0            0            1           -0            0    -0.304281      2.41421            0            0            0
           0            1            0            0            0            1            0           -0            0            1            0     0.129435            0      2.41421            0            0
          -1            0  5.96046e-08            0           -0           -0            1           -5           -0           -0            1     -5.11481            0            0           -2         -7.5
           0            0            0            1            0            0            0            1            0            0            0            1            0            0           -1            0
           1            0            0            0            1           -0            0            0            1           -0            0     0.228036      2.41421            0            0            0
           0            1            0            0            0            1            0           -0            0            1            0     0.294463            0      2.41421            0            0
           0            0            1            0           -0           -0            1           -5           -0           -0            1     -5.05334            0            0           -2         -7.5
           0            0            0            1            0            0            0            1            0            0            0            1            0            0           -1            0
          -1            0            0            0            1           -0            0            0            1           -0            0      0.31207      2.41421            0            0            0
           0            1            0            0            0            1            0           -0            0            1            0    -0.038661            0      2.41421            0            0
           0            0           -1            0           -0           -0            1           -5           -0           -0            1     -4.94608            0            0           -2         -7.5
           0            0            0            1            0            0            0            1            0            0            0            1            0            0           -1            0
          -1            0            0            0            1           -0            0            0            1           -0            0    -0.174001      2.41421            0            0            0
           0  5.96046e-08            1            0            0            1            0           -0            0            1            0     0.129871            0      2.41421            0            0
           0            1  5.96046e-08            0           -0           -0            1           -5           -0           -0            1     -4.67257            0            0           -2         -7.5
           0            0            0            1            0            0            0            1            0            0            0            1            0            0           -1            0