        -0.8  2.98023e-08         -0.6            0            1           -0            0            0            1           -0            0    -0.424478      2.41421            0            0            0
   -0.374817     0.780869     0.499756            0            0            1            0           -0            0            1            0    0.0347761            0      2.41421            0            0
    0.468521     0.624695    -0.624695            0           -0           -0            1           -5           -0           -0            1     -5.06328            0            0           -2         -7.5
           0            0            0            1            0            0            0            1            0            0            0            1            0            0           -1            0
        -0.6            0         -0.8            0            1           -0            0            0            1           -0            0    0.0718839      2.41421            0            0            0
   -0.499756     0.780869     0.374817            0            0            1            0           -0            0            1            0    0.0482222            0      2.41421            0            0
    0.624695     0.624695    -0.468521            0           -0           -0            1           -5           -0           -0            1     -4.94632            0            0           -2         -7.5
           0            0            0            1            0            0            0            1            0            0            0            1            0            0           -1            0
         0.8 -2.98023e-08         -0.6            0            1           -0            0            0            1           -0            0     0.183684      2.41421            0            0            0
   -0.374817     0.780869    -0.499756            0            0            1            0           -0            0            1            0   -0.0762286            0      2.41421            0            0
    0.468521     0.624695     0.624695            0           -0           -0            1           -5           -0           -0            1     -4.72095            0            0           -2         -7.5
           0            0            0            1            0            0            0            1            0            0            0            1            0            0           -1            0
         0.6            0         -0.8            0            1           -0            0            0            1           -0            0     -0.27844      2.41421            0            0            0
   -0.499756     0.780869    -0.374817            0            0            1            0           -0            0            1            0     0.198289            0      2.41421            0            0
    0.624695     0.624695     0.468521            0           -0           -0            1           -5           -0           -0            1      -4.8705            0            0           -2         -7.5
           0            0            0            1            0            0            0            1            0            0            0            1            0            0           -1            0
        -0.8 -2.98023e-08          0.6            0            1           -0            0            0            1           -0            0      0.26598      2.41421            0            0            0
    0.374817     0.780869     0.499756            0            0            1            0           -0            0            1            0    -0.116784            0      2.41421            0            0
   -0.468521     0.624695    -0.624695            0           -0           -0            1           -5           -0           -0            1     -4.78389            0            0           -2         -7.5
           0            0            0            1            0            0            0            1            0            0            0            1            0            0           -1            0
        -0.6            0          0.8            0            1           -0            0            0            1           -0            0     -0.35049      2.41421            0            0            0
    0.499756     0.780869     0.374817            0            0            1            0           -0            0            1            0     0.057626            0      2.41421            0            0
   -0.624695     0.624695    -0.468521            0           -0           -0            1           -5           -0           -0            1     -4.48742            0            0           -2         -7.5
           0            0            0            1            0            0            0            1            0            0            0            1            0            0           -1            0
         0.8  2.98023e-08          0.6            0            1           -0            0            0            1           -0            0    0.0554109      2.41421            0            0            0
    0.374817     0.780869    -0.499756            0            0            1            0           -0            0            1            0   -0.0404824            0      2.41421            0            0
   -0.468521     0.624695     0.624695            0           -0           -0            1           -5           -0           -0            1     -5.15265            0            0           -2         -7.5
           0            0            0            1            0            0            0            1            0            0            0            1            0            0           -1            0
         0.6            0          0.8            0            1           -0            0            0            1           -0            0     0.106421      2.41421            0            0            0
    0.499756     0.780869    -0.374817            0            0            1            0           -0            0            1            0    -0.306163            0      2.41421            0            0
   -0.624695     0.624695     0.468521            0           -0           -0            1           -5           -0           -0            1      -4.4937            0            0           -2         -7.5
           0            0            0            1            0            0            0            1            0            0            0            1            0            0           -1            0
 5.96046e-08            0           -1            0            1           -0            0            0            1           -0            0     0.279686      2.41421            0            0            0
           0            1            0            0            0            1            0           -0            0            1            0    0.0644905            0      2.41421            0            0
           1            0  5.96046e-08            0           -0           -0            1           -5           -0           -0            1     -4.94364            0            0           -2         -7.5
           0            0            0            1            0            0            0            1            0            0            0            1            0            0           -1            0
 5.96046e-08            0            1            0            1           -0            0            0            1           -0            0     0.352126      2.41421            0            0            0
           0            1            0            0            0            1            0           -0            0            1            0     0.197625            0      2.41421            0            0
          -1            0  5.96046e-08            0           -0           -0            1           -5           -0           -0            1     -5.14347            0            0           -2         -7.5
           0            0            0            1            0            0            0            1            0            0            0            1            0            0           -1            0
           1            0            0            0            1           -0            0            0            1           -0            0    -0.365196      2.41421            0            0            0
           0            1            0            0            0            1            0           -0            0            1            0  -0.00322258            0      2.41421            0            0
           0            0            1            0           -0           -0            1           -5           -0           -0            1      -5.2493            0            0           -2         -7.5
           0            0            0            1            0            0            0            1            0            0            0            1            0            0           -1            0
          -1            0            0            0            1           -0            0            0            1           -0            0   0.00948295      2.41421            0            0            0
           0            1            0            0            0            1            0           -0            0            1            0    0.0186079            0      2.41421            0            0
           0            0           -1            0           -0           -0            1           -5           -0           -0            1     -5.26228            0            0           -2         -7.5
           0            0            0            1            0            0            0            1            0            0            0            1            0            0           -1            0
          -1            0            0            0            1           -0            0            0            1           -0            0     0.419389      2.41421            0            0            0
           0  5.96046e-08            1            0            0            1            0           -0            0            1            0    0.0818397            0      2.41421            0            0
           0            1  5.96046e-08            0           -0           -0            1           -5           -0           -0            1      -5.3076            0            0           -2         -7.5
           0            0            0            1            0            0            0            1            0            0            0            1            0            0           -1            0