        -0.8  2.98023e-08         -0.6            0            1           -0            0            0            1           -0            0     0.400642      2.41421            0            0            0
   -0.374817     0.780869     0.499756            0            0            1            0           -0            0            1            0    0.0288504            0      2.41421            0            0
    0.468521     0.624695    -0.624695            0           -0           -0            1           -5           -0           -0            1     -4.91889            0            0           -2         -7.5
           0            0            0            1            0            0            0            1            0            0            0            1            0            0           -1            0
        -0.6            0         -0.8            0            1           -0            0            0            1           -0            0   -0.0591378      2.41421            0            0            0
   -0.499756     0.780869     0.374817            0            0            1            0           -0            0            1            0    -0.133758            0      2.41421            0            0
    0.624695     0.624695    -0.468521            0           -0           -0            1           -5           -0           -0            1     -5.14935            0            0           -2         -7.5
           0            0            0            1            0            0            0            1            0            0            0            1            0            0           -1            0
         0.8 -2.98023e-08         -0.6            0            1           -0            0            0            1           -0            0    -0.140065      2.41421            0            0            0
   -0.374817     0.780869    -0.499756            0            0            1            0           -0            0            1            0     0.198572            0      2.41421            0            0
    0.468521     0.624695     0.624695            0           -0           -0            1           -5           -0           -0            1     -4.81656            0            0           -2         -7.5
           0            0            0            1            0            0            0            1            0            0            0            1            0            0           -1            0
         0.6            0         -0.8            0            1           -0            0            0            1           -0            0    0.0249923      2.41421            0            0            0
   -0.499756     0.780869    -0.374817            0            0            1            0           -0            0            1            0   -0.0767735            0      2.41421            0            0
    0.624695     0.624695     0.468521            0           -0           -0            1           -5           -0           -0            1     -4.78951            0            0           -2         -7.5
           0            0            0            1            0            0            0            1            0            0            0            1            0            0           -1            0
        -0.8 -2.98023e-08          0.6            0            1           -0            0            0            1           -0            0     0.121487      2.41421            0            0            0
    0.374817     0.780869     0.499756            0            0            1            0           -0            0            1            0    -0.196972            0      2.41421            0            0
   -0.468521     0.624695    -0.624695            0           -0           -0            1           -5           -0           -0            1     -4.92609            0            0           -2         -7.5
           0            0            0            1            0            0            0            1            0            0            0            1            0            0           -1            0
        -0.6            0          0.8            0            1           -0            0            0            1           -0            0  -0.00387313      2.41421            0            0            0
    0.499756     0.780869     0.374817            0            0            1            0           -0            0            1            0     0.111604            0      2.41421            0            0
   -0.624695     0.624695    -0.468521            0           -0           -0            1           -5           -0           -0            1     -5.15087            0            0           -2         -7.5
           0            0            0            1            0            0            0            1            0            0            0            1            0            0           -1            0
         0.8  2.98023e-08          0.6            0            1           -0            0            0            1           -0            0    -0.408039      2.41421            0            0            0
    0.374817     0.780869    -0.499756            0            0            1            0           -0            0            1            0     0.274198            0      2.41421            0            0
   -0.468521     0.624695     0.624695            0           -0           -0            1           -5           -0           -0            1      -5.2992            0            0           -2         -7.5
           0            0            0            1            0            0            0            1            0            0            0            1            0            0           -1            0
         0.6            0          0.8            0            1           -0            0            0            1           -0            0   -0.0331604      2.41421            0            0            0
    0.499756     0.780869    -0.374817            0            0            1            0           -0            0            1            0    -0.188008            0      2.41421            0            0
   -0.624695     0.624695     0.468521            0           -0           -0            1           -5           -0           -0            1       -5.278            0            0           -2         -7.5
           0            0            0            1            0            0            0            1            0            0            0            1            0            0           -1            0
 5.96046e-08            0           -1            0            1           -0            0            0            1           -0            0   -0.0611093      2.41421            0            0            0
           0            1            0            0            0            1            0           -0            0            1            0    -0.196526            0      2.41421            0            0
           1            0  5.96046e-08            0           -0           -0            1           -5           -0           -0            1     -5.34573            0            0           -2         -7.5
           0            0            0            1            0            0            0            1            0            0            0            1            0            0           -1            0
 5.96046e-08            0            1            0            1           -0            0            0            1           -0            0     0.119849      2.41421            0            0            0
           0            1            0            0            0            1            0           -0            0            1            0     0.114114            0      2.41421            0            0
          -1            0  5.96046e-08            0           -0           -0            1           -5           -0           -0            1     -4.99877            0            0           -2         -7.5
           0            0            0            1            0            0            0            1            0            0            0            1            0            0           -1            0
           1            0            0            0            1           -0            0            0            1           -0            0    0.0123308      2.41421            0            0            0
           0            1            0            0            0            1            0           -0            0            1            0    0.0194245            0      2.41421            0            0
           0            0            1            0           -0           -0            1           -5           -0           -0            1     -4.77768            0            0           -2         -7.5
           0            0            0            1            0            0            0            1            0            0            0            1            0            0           -1            0
          -1            0            0            0            1           -0            0            0            1           -0            0     0.203983      2.41421            0            0            0
           0            1            0            0            0            1            0           -0            0            1            0    -0.162164            0      2.41421            0            0
           0            0           -1            0           -0           -0            1           -5           -0           -0            1     -5.02775            0            0           -2         -7.5
           0            0            0            1            0            0            0            1            0            0            0            1            0            0           -1            0
          -1            0            0            0            1           -0            0            0            1           -0            0   -0.0531269      2.41421            0            0            0
           0  5.96046e-08            1            0            0            1            0           -0            0            1            0    0.0276214            0      2.41421            0            0
           0            1  5.96046e-08            0           -0           -0            1           -5           -0           -0            1     -4.72175            0            0           -2         -7.5
           0            0            0            1            0            0            0            1            0            0            0            1            0            0           -1            0