        -0.8  2.98023e-08         -0.6            0            1           -0            0            0            1           -0            0    -0.243986      2.41421            0            0            0
   -0.374817     0.780869     0.499756            0            0            1            0           -0            0            1            0   0.00926352            0      2.41421            0            0
    0.468521     0.624695    -0.624695            0           -0           -0            1           -5           -0           -0            1      -5.1069            0            0           -2         -7.5
           0            0            0            1            0            0            0            1            0            0            0            1            0            0           -1            0
        -0.6            0         -0.8            0            1           -0            0            0            1           -0            0    -0.127847      2.41421            0            0            0
   -0.499756     0.780869     0.374817            0            0            1            0           -0            0            1            0     0.313933            0      2.41421            0            0
    0.624695     0.624695    -0.468521            0           -0           -0            1           -5           -0           -0            1     -4.47926            0            0           -2         -7.5
           0            0            0            1            0            0            0            1            0            0            0            1            0            0           -1            0
         0.8 -2.98023e-08         -0.6            0            1           -0            0            0            1           -0            0   -0.0553046      2.41421            0            0            0
   -0.374817     0.780869    -0.499756            0            0            1            0           -0            0            1            0    0.0702011            0      2.41421            0            0
    0.468521     0.624695     0.624695            0           -0           -0            1           -5           -0           -0            1     -5.34311            0            0           -2         -7.5
           0            0            0            1            0            0            0            1            0            0            0            1            0            0           -1            0
         0.6            0         -0.8            0            1           -0            0            0            1           -0            0    -0.129849      2.41421            0            0            0
   -0.499756     0.780869    -0.374817            0            0            1            0           -0            0            1            0    0.0283491            0      2.41421            0            0
    0.624695     0.624695     0.468521            0           -0           -0            1           -5           -0           -0            1     -4.68088            0            0           -2         -7.5
           0            0            0            1            0            0            0            1            0            0            0            1            0            0           -1            0
        -0.8 -2.98023e-08          0.6            0            1           -0            0            0            1           -0            0    0.0538081      2.41421            0            0            0
    0.374817     0.780869     0.499756            0            0            1            0           -0            0            1            0    0.0453929            0      2.41421            0            0
   -0.468521     0.624695    -0.624695            0           -0           -0            1           -5           -0           -0            1     -4.82026            0            0           -2         -7.5
           0            0            0            1            0            0            0            1            0            0            0            1            0            0           -1            0
        -0.6            0          0.8            0            1           -0            0            0            1           -0            0     0.381438      2.41421            0            0            0
    0.499756     0.780869     0.374817            0            0            1            0           -0            0            1            0    0.0620498            0      2.41421            0            0
   -0.624695     0.624695    -0.468521            0           -0           -0            1           -5           -0           -0            1     -4.77398            0            0           -2         -7.5
           0            0            0            1            0            0            0            1            0            0            0            1            0            0           -1            0
         0.8  2.98023e-08          0.6            0            1           -0            0            0            1           -0            0   -0.0367092      2.41421            0            0            0
    0.374817     0.780869    -0.499756            0            0            1            0           -0            0            1            0    -0.148392            0      2.41421            0            0
   -0.468521     0.624695     0.624695            0           -0           -0            1           -5           -0           -0            1      -4.7395            0            0           -2         -7.5
           0            0            0            1            0            0            0            1            0            0            0            1            0            0           -1            0
         0.6            0          0.8            0            1           -0            0            0            1           -0            0     0.101578      2.41421            0            0            0
    0.499756     0.780869    -0.374817            0            0            1            0           -0            0            1            0    0.0537549            0      2.41421            0            0
   -0.624695     0.624695     0.468521            0           -0           -0            1           -5           -0           -0            1     -4.78788            0            0           -2         -7.5
           0            0            0            1            0            0            0            1            0            0            0            1            0            0           -1            0
 5.96046e-08            0           -1            0            1           -0            0            0            1           -0            0     0.495777      2.41421            0            0            0
           0            1            0            0            0            1            0           -0            0            1            0    -0.185364            0      2.41421            0            0
           1            0  5.96046e-08            0           -0           -0            1           -5           -0           -0            1     -4.54278            0            0           -2         -7.5
           0            0            0            1            0            0            0            1            0            0            0            1            0            0           -1            0
 5.96046e-08            0            1            0            1           -0            0            0            1           -0            0   -0.0523071      2.41421            0            0            0
           0            1            0            0            0            1            0           -0            0            1            0  -0.00801332            0      2.41421            0            0
          -1            0  5.96046e-08            0           -0           -0            1           -5           -0           -0            1     -4.87511            0            0           -2         -7.5
           0            0            0            1            0            0            0            1            0            0            0            1            0            0           -1            0
           1            0            0            0            1           -0            0            0            1           -0            0    -0.119286      2.41421            0            0            0
           0            1            0            0            0            1            0           -0            0            1            0     0.139132            0      2.41421            0            0
           0            0            1            0           -0           -0            1           -5           -0           -0            1     -5.35267            0            0           -2         -7.5
           0            0            0            1            0            0            0            1            0            0            0            1            0            0           -1            0
          -1            0            0            0            1           -0            0            0            1           -0            0   -0.0242204      2.41421            0            0            0
           0            1            0            0            0            1            0           -0            0            1            0   -0.0436183            0      2.41421            0            0
           0            0           -1            0           -0           -0            1           -5           -0           -0            1     -5.29976            0            0           -2         -7.5
           0            0            0            1            0            0            0            1            0            0            0            1            0            0           -1            0
          -1            0            0            0            1           -0            0            0            1           -0            0    -0.113424      2.41421            0            0            0
           0  5.96046e-08            1            0            0            1            0           -0            0            1            0     0.197913            0      2.41421            0            0
           0            1  5.96046e-08            0           -0           -0            1           -5           -0           -0            1     -5.01173            0            0           -2         -7.5
           0            0            0            1            0            0            0            1            0            0            0            1            0            0           -1            0